 1380
 3578
 3389
 771
 2864
 4860
 3220
 1833
 4021
 4816
 3304
 3483
 1771
 4435
 2343
 3180
 3446
 2471
 3699
 1016
 2987
 1453
 4516
 1320
 3104
 1680
 3780
 3327
 1145
 937
 2356
 1025
 3290
 2134
 1557
 4718
 3517
 941
 1091
 3306
 4798
 3460
 1557
 2121
 3024
 1408
 641
 81
 226
 246
 154
 1275
 4794
 740
 2295
 1469
 4241
 2865
 1026
 2219
 3270
 3236
 450
 3104
 538
 4655
 1208
 4769
 3814
 4525
 255
 4791
 790
 3358
 513
 3907
 2398
 4508
 2741
 4638
 294
 2287
 2632
 3434
 1072
 1435
 4510
 555
 1226
 986
 740
 4073
 4066
 48
 2917
 2612
 4919
 2471
 697
 2230
 3054
 1720
 2457
 1061
 3591
 1370
 4506
 294
 1633
 2189
 3174
 2062
 2608
 154
 4693
 2209
 1916
 1027
 4237
 2687
 4335
 1886
 2542
 4554
 1741
 628
 217
 464
 3297
 4290
 3453
 4749
 4561
 4548
 4202
 739
 4378
 2646
 1016
 946
 1644
 932
 763
 3263
 370
 4779
 264
 3046
 3814
 3626
 1764
 8
 1856
 680
 614
 1280
 836
 3791
 542
 2256
 2533
 2188
 4546
 87
 1469
 3458
 1036
 751
 160
 4705
 44
 961
 1527
 530
 992
 1992
 3047
 1065
 263
 3160
 1209
 3023
 244
 2638
 2093
 4636
 2761
 2687
 866
 1782
 141
 3462
 4800
 4026
 4060
 1415
 821
 4739
 4145
 3378
 4275
 2715
 2609
 4883
 4658
 2506
 4540
 4078
 1972
 3392
 743
 3705
 2025
 1840
 4535
 2414
 2171
 2525
 1886
 804
 1797
 4918
 2321
 3973
 1371
 3755
 2593
 3596
 3126
 1000
 4961
 3751
 3389
 4655
 867
 2046
 4982
 2442
 404
 606
 780
 25
 1288
 4201
 3993
 1592
 1423
 563
 609
 737
 3803
 4126
 467
 2949
 2684
 504
 2590
 1993
 1974
 2558
 2140
 267
 4000
 287
 3515
 668
 890
 1397
 1764
 4957
 3654
 3330
 3129
 2054
 1218
 3859
 4812
 2947
 1650
 3407
 2281
 4707
 1758
 2374
 2143
 1427
 2182
 3306
 1803
 3450
 681
 148
 1290
 725
 1767
 3007
 590
 3674
 4789
 1169
 657
 1684
 289
 238
 3228
 331
 2692
 4268
 1209
 652
 1764
 3435
 2464
 2970
 2878
 677
 1270
 1640
 2750
 555
 4755
 2505
 3164
 2607
 2075
 4221
 4542
 2432
 608
 3677
 4812
 3359
 372
 1122
 2570
 2015
 3626
 3005
 2975
 1977
 1779
 4035
 2110
 4143
 1230
 3108
 198
 3339
 1088
 2224
 3519
 2678
 625
 4551
 1500
 2133
 2763
 1468
 3
 1072
 1947
 2693
 2077
 3722
 704
 20
 367
 3710
 3163
 4703
 401
 1009
 3773
 2111
 2761
 2720
 652
 3723
 428
 2058
 2623
 1589
 1224
 224
 438
 1543
 288
 3081
 682
 3348
 3894
 487
 2790
 2578
 864
 3123
 2898
 2727
 1580
 2425
 2503
 3916
 1201
 688
 3611
 4460
 3945
 1760
 4394
 2680
 2437
 33
 1580
 2170
 1607
 4275
 2327
 3653
 1598
 52
 1988
 636
 509
 4142
 280
 4578
 3162
 4125
 2891
 3084
 957
 4372
 2799
 1350
 2770
 4235
 1528
 2161
 901
 1434
 3939
 3893
 1457
 1352
 1840
 1235
 1327
 2713
 2862
 1495
 1535
 4118
 2269
 4833
 3073
 36
 17
 2365
 721
 4389
 538
 4783
 4122
 3840
 122
 337
 1060
 4970
 968
 4760
 19
 2292
 507
 1651
 4780
 337
 1953
 3670
 1057
 2800
 1351
 755
 2541
 3547
 4845
 4076
 1867
 4742
 917
 1328
 4128
 2286
 1315
 4086
 4190
 2790
 624
 1207
 3088
 550
 3643
 3985
 4503
 1038
 2345
 1769
 2292
 1891
 1559
 4693
 3963
 3214
 1480
 1610
 3492
 4054
 2692
 1694
 2585
 2866
 709
 4471
 721
 3745
 4070
 4602
 2562
 2705
 21
 4859
 3342
 1188
 3538
 2322
 1996
 2678
 131
 2359
 375
 2081
 2068
 214
 1015
 753
 2142
 2277
 3983
 2626
 4900
 2576
 4951
 2266
 596
 575
 1547
 3203
 1703
 4216
 4901
 2766
 642
 2037
 1732
 3920
 2725
 31
 1155
 233
 2792
 4891
 4213
 4594
 3271
 1445
 3649
 4485
 2781
 4258
 14
 1092
 4351
 54
 2321
 1053
 3414
 3163
 2461
 3794
 1136
 1383
 684
 384
 3374
 498
 3615
 797
 4284
 2742
 3694
 2755
 3587
 3246
 3907
 2026
 1580
 1081
 3049
 1823
 2695
 4224
 731
 2415
 2010
 2341
 1758
 4576
 4476
 4237
 2907
 3923
 2840
 1405
 2556
 1131
 1228
 4689
 1285
 582
 4374
 3568
 4180
 366
 4964
 2321
 4991
 2802
 3467
 591
 45
 4081
 1376
 4597
 3487
 3490
 1596
 4658
 3191
 3584
 3366
 4112
 1334
 1460
 4693
 893
 1491
 3555
 2729
 3866
 2024
 3276
 2548
 1642
 4255
 3000
 4650
 4161
 4704
 3211
 733
 3194
 325
 3532
 658
 584
 1441
 2495
 3192
 1222
 3413
 2303
 3893
 2283
 4371
 1332
 1386
 4510
 1187
 2608
 547
 3276
 1157
 298
 2200
 3602
 1383
 490
 734
 3092
 4186
 1389
 1049
 3194
 1254
 476
 659
 3870
 4215
 499
 4740
 1919
 2361
 1059
 268
 1096
 3332
 528
 3367
 2924
 2405
 4210
 1235
 410
 38
 2760
 777
 2422
 23
 1154
 1871
 1134
 2740
 3427
 4410
 1084
 4724
 3639
 853
 630
 2378
 3672
 3122
 4506
 4724
 596
 899
 793
 3667
 3265
 116
 2012
 1103
 2890
 2181
 4935
 1726
 146
 3510
 2843
 2194
 3072
 2296
 4916
 3385
 35
 2588
 4175
 4424
 1596
 975
 1970
 3313
 319
 1599
 3135
 1811
 1739
 878
 2581
 4595
 370
 621
 749
 2260
 3395
 3497
 3251
 1403
 114
 3272
 1343
 5000
 3386
 3136
 2438
 2521
 3818
 4501
 3385
 3206
 4642
 4058
 4000
 509
 3834
 304
 1472
 827
 3622
 2468
 158
 3728
 3875
 278
 2649
 3997
 1568
 2978
 1724
 3530
 2657
 4838
 2367
 4214
 2187
 2737
 4059
 4292
 3856
 834
 2820
 1491
 3304
 1916
 3085
 1562
 3181
 4360
 4205
 3
 2861
 4092
 3721
 4703
 700
 3315
 1013
 4647
 839
 4614
 2303
 1395
 3867
 4186
 2717
 1184
 765
 3663
 605
 645
 2377
 1961
 2991
 1479
 2406
 3682
 3864
 215
 4686
 1725
 3522
 1818
 3571
 4433
 1309
 2018
 1192
 4290
 1427
 686
 1237
 3594
 1810
 4225
 4718
 3039
 2699
 3354
 326
 673
 2513
 1128
 4789
 185
 1990
 649
 3547
 2367
 3392
 830
 2991
 2689
 1723
 2611
 4963
 3583
 4302
 3132
 1940
 4229
 3344
 4895
 548
 1437
 3677
 3398
 296
 699
 305
 2293
 4494
 3190
 2812
 1546
 4140
 2139
 535
 3682
 795
 1493
 811
 2604
 822
 1704
 178
 4056
 2750
 2084
 1979
 2436
 4116
 2424
 4268
 3661
 4581
 968
 511
 4913
 4194
 4063
 4942
 4439
 763
 320
 3305
 1643
 986
 1089
 1864
 1196
 4084
 2954
 4577
 3615
 3224
 1710
 2584
 1992
 2841
 3761
 4607
 1898
 4052
 265
 1692
 3140
 902
 2
 4313
 2241
 3192
 693
 4253
 286
 4448
 4688
 4061
 4322
 4884
 1759
 3616
 4840
 596
 1763
 2473
 4721
 4880
 4770
 1382
 1681
 3869
 311
 2117
 1663
 2009
 2902
 3984
 4082
 3410
 19
 3803
 1668
 1613
 1496
 1431
 1130
 3670
 4247
 4794
 61
 3745
 4400
 77
 4464
 2927
 1908
 2107
 1466
 2181
 730
 4582
 4587
 574
 366
 4213
 1391
 1716
 4035
 4566
 4658
 4270
 2735
 20
 850
 2765
 2065
 4646
 1689
 4023
 2201
 3268
 4299
 3174
 2285
 2500
 3139
 1084
 2432
 2004
 2017
 3191
 1482
 1520
 399
 210
 1448
 2433
 1946
 3317
 3339
 295
 2805
 2760
 980
 4530
 5000
 1445
 1098
 1868
 3748
 4873
 4353
 4094
 4401
 2438
 3887
 2833
 4286
 3307
 2320
 3191
 853
 2354
 3109
 4831
 3139
 559
 1355
 3814
 2576
 3257
 4981
 268
 4459
 2612
 3776
 3956
 2242
 198
 1655
 4478
 4597
 2531
 2100
 1406
 3000
 3276
 3150
 1160
 4720
 501
 3192
 765
 3139
 3670
 334
 523
 3529
 4510
 1246
 3342
 429
 390
 2940
 4892
 708
 2423
 4162
 4651
 510
 2108
 136
 3374
 3081
 3017
 4921
 3065
 1902
 2788
 243
 3595
 1542
 1138
 4470
 3548
 4720
 1574
 4715
 412
 2694
 2520
 3562
 2973
 878
 275
 477
 1296
 3441
 819
 997
 2974
 3889
 1823
 4590
 3291
 1621
 893
 4041
 4952
 4293
 1072
 4353
 4602
 1230
 2948
 855
 1280
 951
 2272
 683
 231
 3993
 815
 2473
 2542
 2299
 135
 3551
 4414
 1506
 2828
 777
 3091
 4918
 2114
 2093
 670
 4318
 1559
 1306
 247
 4041
 4618
 3480
 172
 4905
 1376
 159
 4685
 3217
 4537
 2796
 2330
 337
 1751
 668
 1673
 553
 1276
 546
 1485
 2715
 1484
 3529
 4587
 1412
 4294
 4690
 29
 3121
 2959
 4084
 873
 987
 3381
 2218
 434
 2561
 3686
 697
 2143
 2291
 1777
 383
 3375
 1002
 1498
 2027
 2050
 2249
 1853
 3165
 2822
 1249
 1322
 308
 3094
 3076
 3383
 691
 4801
 3072
 3454
 4239
 1436
 3161
 962
 1130
 4106
 660
 2692
 160
 450
 588
 4722
 2522
 2828
 4334
 4936
 3118
 3972
 1535
 1952
 2801
 4718
 2105
 34
 3319
 3294
 2002
 1103
 1519
 131
 4404
 502
 1751
 426
 2534
 1536
 736
 4510
 2646
 3520
 3140
 1205
 1505
 3169
 954
 4851
 4117
 49
 2499
 687
 4119
 3792
 3194
 4067
 1863
 1772
 3183
 4034
 261
 2707
 348
 4243
 3053
 4029
 2131
 1225
 4985
 1518
 3643
 3756
 2055
 1465
 1726
 4553
 4653
 1530
 679
 3094
 3904
 3381
 4209
 1127
 4182
 4730
 251
 4748
 802
 1031
 3474
 3597
 4134
 3557
 95
 1004
 4536
 400
 279
 981
 598
 4701
 1683
 954
 3566
 2185
 3900
 270
 4396
 4495
 1109
 1621
 2304
 4055
 3612
 673
 3694
 4673
 27
 668
 1532
 2859
 1500
 743
 3838
 2262
 1945
 3527
 2912
 3570
 3029
 1489
 2617
 830
 2173
 630
 1911
 3524
 2288
 1641
 4678
 1787
 1513
 3282
 862
 720
 979
 560
 3183
 530
 4225
 787
 74
 4659
 3669
 2493
 4878
 2524
 3734
 3719
 1457
 4955
 4649
 2401
 3268
 3165
 1705
 4777
 428
 3648
 4786
 1347
 4242
 4057
 4800
 3874
 1308
 4695
 2038
 1084
 1327
 356
 4924
 643
 2554
 2761
 260
 3590
 2422
 4819
 4274
 2252
 1541
 2237
 631
 626
 1850
 1509
 1838
 4653
 1088
 576
 4260
 3332
 2197
 431
 4567
 1526
 744
 419
 1039
 4170
 3158
 4502
 3324
 2963
 3249
 2423
 1612
 2303
 670
 3810
 1838
 828
 1891
 2811
 2996
 4927
 382
 423
 4940
 1516
 1783
 2879
 1731
 3540
 4147
 4395
 3594
 1589
 4162
 1597
 2792
 3873
 2073
 1866
 2668
 2544
 1408
 415
 277
 952
 4143
 2125
 3049
 3398
 4504
 4464
 609
 1861
 489
 3021
 169
 1699
 3879
 476
 1889
 112
 4007
 3470
 754
 1977
 3886
 1596
 366
 2137
 1529
 3670
 4949
 1998
 443
 1617
 4197
 4142
 4768
 2212
 2361
 4438
 4916
 3764
 2556
 4026
 2686
 4963
 2077
 1562
 3560
 4610
 1604
 952
 1697
 3193
 666
 3644
 33
 2279
 1766
 329
 2174
 287
 2153
 2651
 2308
 1436
 1856
 3958
 3918
 1672
 4076
 3860
 4248
 388
 861
 1500
 3553
 1519
 4653
 936
 2726
 918
 4456
 1666
 201
 1644
 3835
 4112
 4934
 540
 3376
 2590
 4855
 4152
 1276
 2319
 2432
 4571
 561
 531
 4131
 2915
 3936
 4572
 840
 2713
 4984
 1609
 129
 1022
 2605
 1315
 983
 2782
 2595
 1209
 4298
 4655
 673
 4331
 3195
 4550
 735
 3138
 2219
 3941
 3434
 2064
 1333
 3384
 2293
 200
 3882
 441
 2990
 3713
 1448
 2643
 4640
 478
 1710
 519
 3247
 426
 4951
 1954
 3589
 236
 1406
 2321
 1464
 3789
 1655
 2756
 2708
 2121
 2370
 3896
 2978
 4368
 969
 2350
 3501
 3605
 331
 256
 926
 3430
 3260
 2362
 1404
 1976
 1109
 1593
 501
 353
 1744
 983
 1545
 4355
 2339
 3560
 644
 3439
 2370
 2873
 4819
 3348
 3328
 4654
 2943
 1140
 4582
 1343
 4737
 2089
 1349
 3482
 1532
 3933
 1142
 421
 4449
 1945
 630
 2354
 713
 123
 1777
 522
 3756
 4008
 2069
 3317
 2459
 417
 3052
 1672
 3889
 888
 2721
 4688
 2805
 2547
 4694
 1843
 681
 4149
 1325
 4930
 1244
 1405
 4552
 3464
 3011
 244
 4361
 3728
 4932
 4845
 650
 1881
 2052
 647
 4216
 4203
 3972
 3797
 1775
 48
 3652
 4834
 1419
 4006
 192
 2790
 4084
 1111
 3602
 2898
 1698
 2270
 3677
 4870
 1896
 1953
 2827
 117
 778
 4295
 3444
 1645
 2451
 2750
 2533
 2760
 4585
 2338
 871
 3709
 4523
 3273
 1595
 579
 1854
 1623
 1982
 3939
 445
 1665
 1308
 2948
 4872
 3144
 2281
 4235
 4846
 746
 2576
 1896
 2792
 3413
 1567
 1621
 3595
 4151
 4694
 1335
 823
 3067
 3673
 37
 707
 4683
 1502
 904
 2918
 4939
 261
 986
 2715
 4908
 2990
 1569
 260
 4792
 3233
 4179
 3377
 3332
 3471
 3553
 1410
 1937
 2526
 3012
 1888
 2269
 4494
 3313
 4096
 84
 2029
 4045
 666
 1616
 2850
 2547
 1588
 2252
 1918
 2014
 1182
 3036
 1741
 3089
 2241
 513
 165
 2845
 4253
 2412
 3187
 1133
 186
 3097
 1878
 3289
 1295
 4726
 2336
 3260
 703
 38
 2642
 4554
 1713
 145
 2278
 3713
 4341
 2301
 4269
 810
 4092
 1123
 3163
 235
 878
 3175
 2166
 2887
 70
 464
 3617
 839
 4734
 4391
 4694
 3747
 3716
 4603
 2209
 2838
 1074
 4831
 2959
 425
 2781
 756
 1111
 18
 1313
 4189
 2964
 4555
 1010
 1319
 4886
 353
 964
 1409
 1170
 1362
 689
 1229
 984
 4317
 241
 2323
 4327
 1743
 1766
 2338
 4721
 4941
 4085
 4937
 261
 2368
 1248
 4155
 3855
 207
 1888
 4422
 4761
 2228
 1270
 18
 2351
 2731
 4954
 1944
 2000
 2837
 323
 4538
 3745
 3003
 4667
 2305
 2227
 2772
 1005
 2152
 4536
 1020
 1412
 1762
 4029
 1430
 2545
 3901
 2139
 4976
 1419
 2878
 2740
 3222
 1444
 2904
 3529
 383
 2292
 3840
 83
 4593
 2193
 2661
 4274
 3328
 453
 4245
 1404
 3799
 4329
 4401
 3888
 2704
 21
 1738
 809
 1688
 3396
 2164
 4277
 4527
 539
 4583
 3240
 2607
 4736
 2823
 1145
 563
 677
 3651
 2187
 836
 4737
 4747
 2582
 1989
 4870
 3539
 124
 158
 3212
 1305
 4387
 2019
 3909
 4685
 1347
 4335
 2542
 4834
 1270
 1728
 344
 714
 4226
 4099
 1652
 2540
 392
 1015
 1912
 597
 3477
 4585
 1440
 4966
 1273
 95
 4809
 2432
 3574
 4510
 2257
 3203
 4091
 2980
 1804
 79
 4405
 3030
 1378
 4072
 1499
 115
 261
 952
 4209
 2625
 599
 2626
 4368
 2710
 4179
 2738
 3102
 787
 2596
 1119
 1303
 1603
 2570
 3163
 2343
 4878
 3105
 3610
 861
 2454
 4937
 2617
 537
 1253
 3344
 109
 3956
 1764
 750
 1351
 755
 3286
 3849
 3346
 1584
 2001
 3150
 47
 367
 1633
 3117
 1914
 288
 2072
 3807
 2186
 892
 1729
 1438
 2879
 2019
 1235
 2934
 4291
 2092
 1505
 347
 4416
 368
 2930
 929
 1979
 2511
 3290
 2618
 695
 45
 2028
 3638
 3436
 1904
 935
 2502
 1868
 4835
 2396
 4374
 3192
 247
 3116
 2963
 1666
 4242
 3885
 989
 623
 1463
 2893
 2814
 3907
 2975
 2442
 2085
 3680
 1726
 3739
 1004
 255
 1496
 3532
 759
 1170
 4890
 4004
 1878
 696
 3205
 3903
 4730
 4616
 248
 1505
 763
 2584
 4346
 4687
 1960
 2565
 904
 480
 3193
 3037
 1758
 4798
 3896
 3104
 3927
 2759
 3692
 3089
 4341
 2886
 3823
 3392
 3580
 930
 4874
 4296
 4104
 262
 910
 4550
 2043
 4773
 4379
 2194
 2137
 4156
 2714
 1322
 540
 4287
 1706
 1233
 1667
 2052
 2429
 4046
 3879
 2689
 2035
 3484
 954
 4773
 404
 4685
 4823
 4803
 2073
 591
 904
 2716
 1208
 4949
 1062
 3622
 2448
 4083
 4176
 3342
 4994
 2007
 4285
 4998
 1654
 3392
 3157
 2192
 286
 93
 101
 4981
 120
 2754
 2906
 471
 1798
 886
 4656
 1817
 1880
 1207
 3433
 2663
 3540
 215
 4161
 1834
 2187
 2858
 145
 1832
 2929
 1578
 1557
 1916
 3208
 1477
 145
 262
 792
 121
 2887
 1875
 4503
 4155
 3455
 87
 2480
 4162
 1622
 582
 3408
 2438
 697
 4038
 989
 1533
 4836
 641
 4673
 4054
 3674
 1966
 1362
 661
 1465
 2144
 1635
 1152
 2882
 4488
 115
 4739
 3882
 2401
 2811
 914
 1800
 2732
 4504
 221
 2111
 1065
 3194
 3126
 167
 2542
 3930
 639
 1983
 1585
 2161
 2552
 1183
 3084
 2368
 1046
 4104
 2780
 166
 2061
 1802
 4720
 1086
 4066
 4110
 4097
 2858
 2205
 718
 504
 3236
 2453
 3386
 1028
 4069
 1897
 1311
 2316
 840
 1683
 2510
 4710
 2655
 2125
 4940
 199
 2288
 747
 1722
 623
 3806
 3253
 4248
 1211
 2301
 2671
 4844
 497
 3876
 3330
 3296
 4258
 838
 2723
 1005
 117
 646
 4634
 177
 3790
 1384
 3309
 1991
 3688
 2235
 368
 3469
 3303
 3552
 3918
 750
 2036
 420
 2150
 3462
 1015
 4525
 288
 796
 2470
 4009
 3530
 470
 346
 2070
 4227
 3443
 2622
 299
 4992
 2292
 87
 1266
 3507
 3255
 2295
 4088
 1573
 4869
 905
 1422
 792
 4645
 353
 3212
 4451
 1808
 1356
 1564
 4829
 4217
 2986
 36
 4717
 1274
 4401
 4539
 4503
 895
 1917
 2189
 4205
 1011
 3467
 1974
 4968
 4191
 3821
 4972
 4378
 2421
 4295
 4417
 701
 3680
 499
 2177
 3324
 4973
 2186
 2940
 124
 1326
 4239
 396
 2401
 2735
 3739
 1109
 4061
 729
 694
 769
 3368
 903
 779
 4593
 2938
 35
 1874
 3552
 4101
 3848
 3526
 149
 1629
 201
 3206
 2280
 4585
 4089
 2339
 2921
 2584
 1476
 4222
 1619
 4145
 3965
 3537
 3931
 2063
 914
 2791
 4191
 730
 3748
 1425
 770
 3313
 2265
 1345
 4741
 2927
 3160
 573
 1437
 593
 4159
 2896
 841
 3732
 3606
 4867
 1128
 1709
 395
 3295
 1769
 1870
 4847
 1583
 3591
 3852
 4917
 2582
 98
 4827
 1375
 1278
 695
 4368
 32
 616
 4101
 455
 3238
 3254
 1514
 2607
 2042
 134
 141
 4789
 1666
 3790
 2437
 1166
 2724
 2993
 3918
 3840
 4360
 754
 1995
 1459
 81
 1676
 4736
 778
 4083
 2398
 3899
 127
 739
 3324
 3318
 4014
 1733
 4418
 1389
 332
 4983
 3536
 533
 233
 4743
 3790
 4339
 3976
 3434
 4348
 2008
 1187
 3668
 588
 4502
 748
 4579
 4322
 3519
 2402
 3924
 3493
 4210
 1498
 1998
 4249
 3426
 3515
 3447
 3970
 2967
 4663
 4487
 2873
 1161
 3845
 2580
 865
 1301
 4189
 3315
 2920
 3306
 3647
 3828
 4906
 3304
 3594
 2754
 1686
 3244
 709
 2993
 3578
 3108
 1702
 2652
 2454
 4149
 2514
 952
 4065
 4124
 103
 2987
 509
 1359
 3303
 3803
 4816
 981
 3911
 156
 4039
 3740
 699
 1060
 2796
 3553
 2610
 3037
 1556
 1136
 2307
 122
 985
 2470
 716
 2206
 1984
 1784
 1676
 3249
 2272
 2018
 3243
 4852
 2775
 2333
 1098
 2912
 1398
 2038
 816
 266
 3655
 190
 336
 587
 1106
 4358
 1019
 330
 1993
 1976
 4933
 3246
 2343
 3530
 3895
 2367
 1549
 4502
 514
 2962
 1008
 4000
 4772
 1711
 4368
 3354
 3882
 2912
 1774
 3647
 4172
 4750
 4481
 107
 2588
 1825
 2115
 3248
 2774
 585
 761
 3898
 2814
 3632
 1089
 1346
 1797
 4649
 2772
 2460
 2909
 4203
 1229
 585
 3276
 2680
 3453
 1684
 2239
 2247
 2597
 2629
 594
 157
 2082
 2903
 3302
 2365
 1624
 1852
 4441
 1969
 2257
 3851
 3534
 636
 3164
 937
 3288
 67
 3228
 4928
 552
 2186
 1272
 1137
 3290
 4755
 4029
 4722
 3806
 1674
 4689
 992
 4195
 4332
 4001
 4324
 2137
 546
 805
 791
 4246
 2495
 2307
 4211
 3085
 488
 3905
 2767
 1606
 3354
 4108
 3043
 758
 2356
 4006
 1611
 2532
 1454
 2217
 3723
 3652
 4800
 1109
 4087
 1651
 3785
 3164
 3914
 88
 2661
 4431
 1311
 2043
 2734
 4200
 2181
 4231
 3876
 26
 1907
 4441
 2845
 3343
 408
 2013
 1261
 1711
 3764
 262
 1931
 1880
 4959
 824
 1953
 2
 141
 4883
 3221
 1691
 4019
 128
 3977
 4919
 4695
 120
 1311
 937
 1879
 490
 483
 4838
 1819
 4186
 1322
 4871
 846
 4064
 764
 3444
 1894
 46
 501
 3678
 294
 266
 3967
 1772
 4343
 3029
 4660
 3550
 1243
 3772
 645
 4795
 21
 2036
 385
 2943
 3973
 4387
 4266
 3937
 1301
 4476
 4231
 351
 2335
 3612
 3059
 5
 3113
 4302
 3238
 4764
 2909
 4771
 4979
 562
 2360
 623
 1897
 206
 3129
 539
 2301
 2074
 698
 997
 5
 2951
 2287
 711
 4187
 2897
 566
 1833
 3368
 367
 474
 1505
 4431
 3536
 3196
 3713
 3374
 4935
 390
 2610
 113
 3297
 3832
 3845
 1331
 4020
 2428
 1056
 3404
 2809
 2728
 3709
 799
 123
 4544
 1713
 3166
 4177
 1683
 4272
 4040
 3240
 3278
 1120
 2645
 1208
 1270
 2215
 4162
 1800
 426
 3500
 3463
 3381
 2222
 4504
 3303
 678
 1677
 1020
 271
 2501
 1330
 1220
 4317
 4087
 436
 2776
 3860
 421
 2823
 937
 649
 1689
 4571
 4961
 437
 616
 2768
 1494
 504
 2891
 4448
 4401
 2040
 442
 2349
 1386
 940
 3461
 1298
 4773
 1485
 2734
 2424
 4149
 963
 1265
 391
 3904
 2438
 259
 3374
 4031
 1978
 4397
 4680
 2425
 3324
 596
 1231
 4130
 2343
 3400
 3387
 185
 2116
 293
 3434
 1475
 1268
 267
 2034
 1688
 585
 4711
 3597
 1234
 3711
 868
 3225
 1182
 2752
 3652
 4323
 2881
 1252
 2813
 3100
 2860
 1428
 2929
 4849
 4245
 4682
 1642
 2456
 399
 2926
 162
 3236
 1706
 1000
 3845
 2548
 1688
 435
 3569
 4769
 4601
 3218
 3265
 1490
 4889
 1619
 375
 648
 4882
 235
 2077
 4738
 3780
 1098
 4752
 3935
 2696
 2455
 2073
 1809
 3165
 3337
 2308
 967
 696
 3101
 1794
 1805
 1568
 4920
 3946
 196
 4751
 1505
 3266
 777
 4323
 54
 3715
 750
 2431
 1976
 3720
 3164
 2765
 4014
 2275
 805
 2129
 1889
 4655
 3733
 3484
 3548
 217
 1691
 4774
 226
 969
 4418
 1452
 2342
 3614
 4994
 2389
 1159
 191
 3895
 3830
 1763
 3367
 3811
 392
 1428
 3897
 1981
 922
 1661
 1287
 2240
 249
 4981
 3934
 4056
 3708
 113
 2960
 3042
 4271
 3314
 378
 647
 1352
 1395
 3537
 4358
 4495
 2076
 4510
 2784
 2341
 442
 4664
 1776
 2854
 492
 1721
 4475
 3952
 3153
 1261
 1578
 1547
 2189
 3440
 2781
 3320
 3619
 3550
 260
 4443
 733
 4473
 4698
 1397
 2646
 445
 859
 3606
 2828
 779
 1855
 1957
 86
 326
 3126
 4237
 3702
 2681
 1099
 2691
 110
 4517
 3928
 3839
 1155
 2759
 704
 3806
 2591
 433
 3937
 2284
 782
 415
 512
 1822
 483
 298
 2645
 4754
 3903
 2091
 294
 1349
 897
 2657
 3401
 1784
 4223
 1613
 844
 4258
 1407
 1860
 3356
 1806
 335
 2260
 2870
 4123
 4379
 2006
 3929
 379
 4457
 1522
 622
 4181
 3165
 466
 2335
 4662
 3971
 4332
 546
 99
 3880
 4172
 687
 1960
 4809
 4239
 1426
 2898
 4715
 1374
 842
 494
 992
 600
 2924
 421
 4074
 2546
 2001
 756
 4622
 1307
 216
 4414
 1130
 3555
 292
 2510
 223
 2666
 814
 3820
 4388
 3459
 4901
 4899
 2886
 4380
 332
 131
 4120
 769
 561
 4356
 171
 3044
 403
 2915
 3980
 2606
 151
 4176
 2098
 148
 2507
 3596
 2405
 3451
 3685
 2544
 2178
 484
 3232
 2311
 919
 3135
 1477
 1351
 4957
 4479
 3697
 1699
 2561
 1562
 3228
 355
 4736
 2124
 4905
 770
 4715
 2589
 3900
 2842
 3632
 2617
 706
 1835
 4006
 3861
 1488
 493
 2730
 2543
 3539
 2686
 582
 3062
 4886
 4566
 2320
 4210
 2694
 1848
 3634
 3141
 3413
 4113
 4729
 1499
 4925
 4083
 4896
 3351
 3038
 3212
 2783
 1984
 534
 1715
 2394
 449
 711
 3977
 3745
 2396
 4271
 4643
 259
 4457
 1115
 3330
 4516
 2874
 4213
 1512
 786
 1321
 538
 4451
 272
 392
 4862
 2013
 1425
 65
 1024
 2704
 2216
 4772
 2961
 4567
 4484
 2460
 4195
 2728
 2319
 4809
 4852
 2868
 2279
 3837
 512
 3403
 2714
 2338
 1191
 4506
 2468
 316
 2595
 2390
 4510
 1925
 304
 272
 165
 4449
 1664
 4302
 1986
 4647
 2480
 4198
 470
 2501
 2068
 4184
 505
 248
 3533
 1662
 192
 303
 733
 904
 4418
 1682
 2572
 3032
 455
 835
 917
 3121
 866
 657
 4666
 1248
 1843
 1867
 1066
 2495
 2929
 3317
 2841
 2533
 3505
 3753
 1491
 4428
 2710
 2892
 4859
 4315
 1803
 447
 4015
 101
 4328
 1913
 1977
 3730
 849
 3259
 3482
 2938
 1105
 4858
 4822
 4016
 105
 3228
 1350
 4036
 564
 3596
 581
 3295
 4652
 2569
 2418
 289
 418
 3084
 6
 14
 4866
 666
 792
 3255
 4059
 3345
 1444
 2037
 2176
 1604
 4792
 460
 3501
 222
 4953
 2848
 1013
 4178
 2558
 2494
 4240
 2076
 2605
 480
 2287
 3917
 4471
 1437
 4893
 2395
 3772
 2978
 2261
 2222
 2239
 3673
 3151
 2222
 3986
 414
 4759
 4922
 1426
 3092
 4453
 1449
 933
 4092
 3449
 1732
 2149
 790
 2318
 413
 4238
 742
 4378
 1222
 3242
 879
 249
 2320
 4482
 1142
 4238
 388
 4539
 261
 4892
 1233
 2464
 4626
 1587
 1187
 3688
 2392
 4982
 3958
 3881
 2215
 4729
 4180
 2452
 2429
 2176
 2174
 3306
 2916
 3519
 1952
 3279
 571
 3469
 4156
 3187
 4320
 2082
 4103
 1284
 2741
 3213
 349
 122
 1613
 1874
 1546
 3244
 1815
 1299
 2997
 2861
 3525
 4547
 4771
 4791
 4249
 3454
 452
 1057
 474
 3236
 1719
 4420
 3810
 592
 545
 1476
 4479
 1514
 4404
 3847
 2991
 2433
 401
 1614
 1575
 3015
 1604
 3991
 620
 1237
 886
 4226
 4296
 201
 3793
 2480
 552
 3661
 2104
 4916
 4717
 3658
 2406
 156
 4329
 3179
 1286
 1389
 3682
 3591
 3344
 4869
 3747
 4136
 3145
 1118
 4717
 794
 3088
 2558
 2816
 2023
 3434
 1274
 1032
 4154
 2642
 3465
 1129
 610
 937
 4182
 1036
 3390
 1332
 355
 1306
 630
 2936
 1427
 1428
 1307
 4130
 1098
 1373
 2254
 4911
 3777
 495
 1445
 1402
 2627
 3679
 3253
 2415
 669
 2672
 1433
 2950
 1864
 4136
 103
 453
 1545
 1633
 1997
 2543
 1663
 82
 560
 1046
 1912
 1511
 2750
 1914
 4520
 3796
 2110
 3130
 1089
 3400
 2039
 1756
 2108
 378
 340
 4681
 4735
 1130
 2936
 1003
 470
 163
 3433
 3209
 2994
 914
 3735
 1142
 4827
 3659
 1103
 3540
 4404
 764
 83
 2649
 142
 1131
 2389
 3911
 2100
 2446
 1966
 4950
 3561
 3804
 1200
 4353
 1288
 1522
 2566
 3062
 3534
 2933
 3102
 629
 4948
 3696
 2435
 1748
 3
 4844
 554
 3477
 4159
 1136
 582
 4184
 4122
 341
 4997
 1204
 136
 778
 1063
 1124
 3578
 1850
 4369
 3870
 1233
 334
 601
 3651
 3719
 1243
 1789
 935
 3815
 2479
 1287
 2932
 912
 1130
 1999
 4168
 1399
 907
 27
 1140
 2833
 3093
 3555
 1992
 707
 3362
 1300
 4993
 4658
 4565
 2157
 3373
 1875
 1371
 3982
 3483
 4137
 4478
 1782
 3952
 1800
 2686
 1997
 855
 1424
 3266
 913
 4841
 2582
 1444
 172
 2261
 2865
 1807
 4915
 4019
 3298
 1017
 4900
 3776
 4240
 3527
 1328
 1218
 2324
 3274
 2161
 386
 3594
 1266
 2499
 4685
 2579
 1014
 1896
 4095
 2526
 4106
 3697
 4423
 1817
 100
 3157
 2843
 1628
 1393
 2476
 224
 4635
 1701
 270
 2409
 1192
 3226
 4963
 3278
 339
 1426
 3385
 3399
 4905
 2406
 669
 190
 3179
 1505
 1587
 4653
 4504
 3423
 4848
 2257
 3577
 3819
 1638
 3853
 3501
 3932
 2564
 343
 2388
 1436
 4579
 3435
 4780
 495
 2310
 1436
 938
 739
 2926
 1275
 4341
 703
 2989
 3736
 213
 3073
 3594
 373
 1338
 98
 20
 4837
 2333
 4933
 3424
 2004
 3903
 3414
 4887
 3620
 1628
 3512
 2848
 2370
 1006
 807
 3722
 4242
 4814
 913
 385
 3563
 1175
 3484
 2791
 4189
 3277
 3932
 3387
 4577
 1905
 2669
 4464
 203
 4567
 4152
 3532
 2037
 153
 2332
 3727
 556
 3277
 2944
 1791
 182
 1220
 1576
 1691
 3716
 3540
 3377
 4793
 3395
 1642
 2674
 1939
 4244
 4109
 4788
 2180
 1119
 3474
 4681
 3892
 2049
 4852
 1137
 4769
 605
 130
 3220
 221
 1140
 3410
 2481
 2570
 787
 2099
 4881
 421
 3812
 397
 4937
 2616
 2098
 899
 133
 1802
 765
 829
 4619
 2882
 1554
 2557
 4342
 2730
 2197
 611
 2387
 4388
 4893
 3500
 3149
 1032
 3600
 800
 971
 1523
 2122
 4284
 2926
 4486
 4297
 3026
 4877
 2350
 391
 1336
 3455
 3038
 1590
 515
 2692
 3242
 3017
 760
 3233
 2760
 2736
 3840
 4156
 2838
 1003
 1655
 3968
 3959
 1956
 2212
 4147
 2436
 1516
 3898
 1743
 4598
 2191
 2078
 1490
 1677
 985
 3254
 4445
 67
 4735
 4055
 2938
 3730
 2550
 137
 2235
 4623
 755
 3821
 4748
 4877
 2448
 1199
 1051
 4888
 3144
 2833
 3163
 1612
 72
 3840
 2246
 4535
 3369
 2001
 2011
 1432
 1053
 2860
 3494
 1031
 1657
 2475
 2345
 3169
 4496
 3038
 4083
 4713
 4678
 1087
 1867
 3725
 1572
 617
 4341
 497
 3551
 3292
 2038
 1523
 4724
 4995
 2451
 21
 3075
 4451
 2911
 4616
 2139
 234
 2655
 1836
 3685
 4828
 3003
 3769
 1230
 3597
 4165
 4612
 2881
 3202
 4165
 607
 436
 900
 1393
 1003
 1456
 1626
 4215
 3935
 535
 4865
 2395
 754
 1661
 221
 4202
 2235
 2829
 954
 617
 2662
 2151
 4151
 969
 2406
 2856
 4002
 2006
 685
 3604
 76
 2187
 332
 1488
 2615
 2403
 4584
 2110
 4022
 3298
 1508
 4909
 3220
 3371
 4713
 4417
 1158
 2712
 3432
 1581
 4660
 3455
 2265
 3978
 3285
 1570
 886
 4014
 469
 3987
 1148
 1797
 3862
 2533
 1
 3240
 2525
 4240
 3683
 4673
 2074
 2500
 4020
 1094
 774
 3530
 2808
 2370
 2058
 2427
 770
 4603
 95
 1756
 1699
 1022
 3552
 4096
 914
 2451
 3600
 3661
 733
 4088
 1974
 3811
 4222
 3467
 1606
 1577
 1029
 636
 4122
 3662
 520
 505
 4875
 4450
 1365
 59
 4281
 3205
 4912
 2144
 3953
 323
 1139
 4646
 295
 1548
 1412
 3794
 2452
 3978
 3877
 3348
 2585
 2769
 3765
 1442
 198
 4274
 2065
 3092
 3224
 2055
 1220
 3930
 2119
 3177
 3994
 4773
 3649
 288
 2251
 1446
 648
 1380
 2878
 452
 4670
 2788
 469
 294
 3393
 327
 1459
 1960
 1329
 2531
 432
 2340
 2358
 1549
 4105
 4884
 1560
 2833
 4423
 1519
 4900
 630
 2427
 3888
 172
 3566
 673
 4862
 537
 111
 1085
 2762
 2705
 4694
 3028
 826
 4797
 4098
 1913
 766
 4399
 665
 4371
 3968
 2679
 3108
 2620
 3737
 11
 2633
 4209
 2997
 3498
 1387
 512
 456
 3530
 3529
 3975
 4445
 1640
 2637
 4808
 25
 670
 1848
 1825
 3120
 3246
 3523
 1842
 2226
 1306
 3784
 3402
 4421
 3837
 4061
 3438
 4923
 3146
 2763
 4456
 1776
 3866
 4364
 3149
 2232
 2618
 2549
 1418
 2924
 2724
 2924
 1875
 255
 2168
 388
 1052
 1604
 631
 4778
 3048
 3831
 2541
 3609
 1903
 3494
 2027
 4978
 1117
 1314
 2491
 3547
 2212
 2934
 4475
 1848
 321
 928
 1790
 2537
 2299
 2706
 2632
 692
 1874
 3751
 3322
 3242
 1293
 4114
 4731
 2547
 3064
 4837
 4497
 4876
 977
 865
 4198
 4803
 1370
 3147
 581
 4202
 1126
 1673
 3262
 2404
 485
 3404
 3769
 913
 4264
 3802
 2127
 2876
 3361
 1212
 4278
 1966
 594
 1774
 4727
 576
 4903
 3949
 4690
 2484
 3488
 3542
 4933
 323
 1595
 206
 3637
 4211
 175
 4245
 4083
 2634
 3855
 501
 1884
 506
 587
 1502
 1281
 3404
 3506
 276
 4682
 581
 4005
 3071
 569
 3299
 3164
 4824
 680
 1941
 4616
 4139
 3908
 1925
 1945
 4444
 3231
 1536
 3419
 611
 278
 1815
 2054
 4209
 4936
 4197
 3577
 1067
 481
 3638
 2964
 3525
 1111
 2208
 142
 314
 1047
 2879
 2884
 1406
 1849
 2000
 428
 633
 835
 707
 3649
 3726
 940
 2114
 2053
 2621
 4445
 2284
 2438
 2957
 2437
 406
 836
 4004
 4638
 1310
 2618
 2528
 2041
 4975
 982
 1643
 1957
 1424
 2727
 2320
 823
 811
 3210
 2014
 798
 362
 2696
 4703
 3759
 4398
 2146
 1128
 3253
 1999
 707
 2141
 1343
 2919
 2512
 3985
 2896
 954
 57
 1846
 684
 107
 1525
 4277
 2547
 4790
 1616
 2965
 48
 2848
 3690
 1684
 4180
 1690
 1114
 2247
 1821
 1592
 4630
 2606
 1146
 2022
 2220
 4086
 1005
 756
 3719
 122
 4299
 2279
 769
 4752
 4690
 1222
 1595
 1654
 1517
 590
 833
 3687
 2027
 4179
 2361
 2292
 559
 2341
 3702
 1104
 3052
 2389
 1767
 1111
 4535
 4052
 1840
 2707
 2267
 1762
 1002
 99
 2739
 4656
 2850
 2289
 829
 2133
 202
 3111
 2237
 1349
 1672
 2915
 1249
 267
 351
 752
 1418
 3600
 2032
 2738
 670
 1515
 1912
 4366
 1528
 2096
 62
 2026
 652
 2547
 4150
 1303
 2503
 4170
 1148
 2372
 4238
 2405
 461
 4978
 1550
 1018
 851
 3235
 2674
 4563
 3402
 1243
 4213
 2688
 492
 4224
 740
 4821
 551
 3437
 3384
 348
 4066
 1367
 1597
 424
 3455
 3761
 1295
 2245
 3573
 116
 835
 1144
 1521
 4010
 3398
 3525
 2545
 147
 4834
 2725
 2400
 3267
 3157
 3758
 559
 3815
 4131
 3135
 2403
 4703
 4432
 3170
 3046
 372
 1190
 2373
 4779
 2899
 625
 1208
 2125
 3156
 2860
 3951
 318
 4728
 4046
 4433
 296
 4096
 3016
 810
 2525
 4225
 2705
 236
 448
 2596
 552
 3590
 4376
 1865
 2035
 3458
 4882
 4753
 2549
 1423
 142
 2749
 1417
 3060
 4830
 4142
 3394
 1433
 4347
 2970
 786
 2434
 1159
 222
 2581
 955
 4012
 770
 3873
 3359
 1711
 4521
 3238
 3718
 763
 1590
 1854
 4055
 744
 1547
 1733
 3118
 3361
 2412
 3479
 3434
 2547
 4692
 2795
 605
 4918
 2968
 3588
 4187
 3492
 4612
 3310
 2163
 1460
 1148
 1091
 2271
 2782
 3995
 1720
 857
 3599
 1653
 2700
 3706
 1918
 1535
 1700
 4918
 3804
 1772
 3304
 4659
 4183
 4538
 61
 1732
 2208
 4220
 2571
 82
 52
 4116
 1731
 4790
 2990
 3829
 1159
 3435
 1108
 3068
 3418
 4573
 2615
 3205
 2203
 1170
 834
 4465
 4524
 1089
 4685
 4275
 1654
 858
 3824
 1332
 1308
 4068
 3008
 456
 1920
 36
 4527
 80
 3124
 1694
 3244
 3495
 4166
 3239
 4463
 3575
 1230
 4997
 1049
 436
 4603
 3042
 3499
 275
 144
 334
 8716624
